992614
992614
992614
971799
992614
942316
986067
971799
846132
942316
992614
846132
992614
992614
818878
992614
992614
971799
942316
909353
992614
942316
846132
992614
992614
992614
992614
971799
992614
992614
992614
992614
909353
992614
992614
992614
992614
992614
971799
992614
974627
942316
942316
992614
942316
992614
992614
992614
942316
974627
992614
942316
986067
992614
992614
971799
992614
942316
971799
992614
992614
974627
992614
992614
992614
974627
974627
699520
974627
986067
11676
971799
971799
992614
992614
992614
971799
992614
992614
971799
992614
992614
992614
986067
992614
971799
942316
992614
971799
992614
818878
992614
846132
992614
974627
974627
992614
992614
992614
846132
